2.457371334848092403e+06 1.254978584078349517e+19 1.772267918508284750e+15
2.457371352414132562e+06 1.254541662185797222e+19 1.772267918508284750e+15
2.457371369980172720e+06 1.254958426721250304e+19 1.772267918508284750e+15
2.457371387546212412e+06 1.254862376808187904e+19 1.772267918508284750e+15
2.457371405112252571e+06 1.254586411339337114e+19 1.772267918508284750e+15
2.457371422678292729e+06 1.254307982085257216e+19 1.772267918508284750e+15
2.457371440244332422e+06 1.253801568874542285e+19 1.772267918508284750e+15
2.457371457810372580e+06 1.253071226526575206e+19 1.772267918508284750e+15
2.457371475376412738e+06 1.252642225476097434e+19 1.772267918508284750e+15
2.457371492942452431e+06 1.251860878340327424e+19 1.772267918508284750e+15
2.457371510508492589e+06 1.251106175301863629e+19 1.772267918508284750e+15
2.457371528074532747e+06 1.250213106852963123e+19 1.772267918508284750e+15
2.457371545640572440e+06 1.249608850960774349e+19 1.772267918508284750e+15
2.457371563206612598e+06 1.248563394632411546e+19 1.772267918508284750e+15
2.457371580772652756e+06 1.247407266640599859e+19 1.772267918508284750e+15
2.457371598338692449e+06 1.246233963301521203e+19 1.772267918508284750e+15
2.457371615904732607e+06 1.245130996715240653e+19 1.772267918508284750e+15
2.457371633470772300e+06 1.244044994667568333e+19 1.772267918508284750e+15
2.457371651036812458e+06 1.242162862879818957e+19 1.772267918508284750e+15
2.457371668602852616e+06 1.241215339063912653e+19 1.772267918508284750e+15
2.457371686168892309e+06 1.239669334507985920e+19 1.772267918508284750e+15
2.457371703734932467e+06 1.238047606958575411e+19 1.772267918508284750e+15
2.457371721300972626e+06 1.236662460102751846e+19 1.772267918508284750e+15
2.457371738867012318e+06 1.235497193583844557e+19 1.772267918508284750e+15
2.457371756433052476e+06 1.234387355187424051e+19 1.772267918508284750e+15
2.457371773999092635e+06 1.233151649762764800e+19 1.772267918508284750e+15
2.457371791565132327e+06 1.231705758957382861e+19 1.772267918508284750e+15
2.457371809131172486e+06 1.230899052569397043e+19 1.772267918508284750e+15
2.457371826697212644e+06 1.229884518122134733e+19 1.772267918508284750e+15
2.457371844263252337e+06 1.228686880469069414e+19 1.772267918508284750e+15
2.457371861829292495e+06 1.227573930739629875e+19 1.772267918508284750e+15
2.457371879395332653e+06 1.227025731358053581e+19 1.772267918508284750e+15
2.457371896961372346e+06 1.226194068752967885e+19 1.772267918508284750e+15
2.457371914527412504e+06 1.225542382518080102e+19 1.772267918508284750e+15
2.457371932093452662e+06 1.224690673905613005e+19 1.772267918508284750e+15
2.457371949659492355e+06 1.223824237987219456e+19 1.772267918508284750e+15
2.457371967225532513e+06 1.224316944321244160e+19 1.772267918508284750e+15
2.457371984791572671e+06 1.223375090900007322e+19 1.772267918508284750e+15
2.457372002357612364e+06 1.223478443202209178e+19 1.772267918508284750e+15
2.457372019923652522e+06 1.223835513874772582e+19 1.772267918508284750e+15
2.457372037489692681e+06 1.223509956979103334e+19 1.772267918508284750e+15
2.457372055055732373e+06 1.223764396276982170e+19 1.772267918508284750e+15
2.457372072621772531e+06 1.223583179038049894e+19 1.772267918508284750e+15
2.457372090187812690e+06 1.223886566984972493e+19 1.772267918508284750e+15
2.457372107753852382e+06 1.224551457998065050e+19 1.772267918508284750e+15
2.457372125319892541e+06 1.225367496639564390e+19 1.772267918508284750e+15
2.457372142885932699e+06 1.225716027594937139e+19 1.772267918508284750e+15
2.457372160451972391e+06 1.226306532950352691e+19 1.772267918508284750e+15
2.457372178018012550e+06 1.227213078467845939e+19 1.772267918508284750e+15
2.457372195584052708e+06 1.228144130006837862e+19 1.772267918508284750e+15
2.457372213150092401e+06 1.228501474891823923e+19 1.772267918508284750e+15
2.457372230716132559e+06 1.229368530627556147e+19 1.772267918508284750e+15
2.457372248282172717e+06 1.230283329207194419e+19 1.772267918508284750e+15
2.457372265848212410e+06 1.231470171852368282e+19 1.772267918508284750e+15
2.457372283414252568e+06 1.232179801107895296e+19 1.772267918508284750e+15
2.457372300980292726e+06 1.233389361774638899e+19 1.772267918508284750e+15
2.457372318546332419e+06 1.234058692716678349e+19 1.772267918508284750e+15
2.457372336112372577e+06 1.234771336768274842e+19 1.772267918508284750e+15
2.457372353678412735e+06 1.235885442670922342e+19 1.772267918508284750e+15
2.457372371244452428e+06 1.236575854915022848e+19 1.772267918508284750e+15
2.457372388810492586e+06 1.237281305987097190e+19 1.772267918508284750e+15
2.457372406376532745e+06 1.238378335110873088e+19 1.772267918508284750e+15
2.457372423942572437e+06 1.238968622136047411e+19 1.772267918508284750e+15
2.457372441508612595e+06 1.239854096509587046e+19 1.772267918508284750e+15
2.457372459074652754e+06 1.240931031611240038e+19 1.772267918508284750e+15
2.457372476640692446e+06 1.241440854556663194e+19 1.772267918508284750e+15
2.457372494206732605e+06 1.242046055217322394e+19 1.772267918508284750e+15
2.457372511772772763e+06 1.242798222750236467e+19 1.772267918508284750e+15
2.457372529338812456e+06 1.243713654404323328e+19 1.772267918508284750e+15
2.457372546904852614e+06 1.244049873956640973e+19 1.772267918508284750e+15
2.457372564470892772e+06 1.244660356468170342e+19 1.772267918508284750e+15
2.457372582036932465e+06 1.245175952375789363e+19 1.772267918508284750e+15
2.457372599602972623e+06 1.245786186728680858e+19 1.772267918508284750e+15
2.457372617169012316e+06 1.246127924025774285e+19 1.772267918508284750e+15
2.457372634735052474e+06 1.246319581622858138e+19 1.772267918508284750e+15
2.457372652301092632e+06 1.246826423500618752e+19 1.772267918508284750e+15
2.457372669867132325e+06 1.247183947432899789e+19 1.772267918508284750e+15
2.457372687433172483e+06 1.247919317727418163e+19 1.772267918508284750e+15
2.457372704999212641e+06 1.248186362314776781e+19 1.772267918508284750e+15
2.457372722565252334e+06 1.248485803458409062e+19 1.772267918508284750e+15
2.457372740131292492e+06 1.248631694308744602e+19 1.772267918508284750e+15
2.457372757697332650e+06 1.248921392313212928e+19 1.772267918508284750e+15
2.457372775263372343e+06 1.249322743489226342e+19 1.772267918508284750e+15
2.457372792829412501e+06 1.249580808554405274e+19 1.772267918508284750e+15
2.457372810395452660e+06 1.250564967135527936e+19 1.772267918508284750e+15
2.457372827961492352e+06 1.250089011577747251e+19 1.772267918508284750e+15
2.457372845527532510e+06 1.250951342104025702e+19 1.772267918508284750e+15
2.457372863093572669e+06 1.250991632188736102e+19 1.772267918508284750e+15
2.457372880659612361e+06 1.251569576362311475e+19 1.772267918508284750e+15
2.457372898225652520e+06 1.251777813468906906e+19 1.772267918508284750e+15
2.457372915791692678e+06 1.252106181733816934e+19 1.772267918508284750e+15
2.457372933357732370e+06 1.252468381970201805e+19 1.772267918508284750e+15
2.457372950923772529e+06 1.253331261390842266e+19 1.772267918508284750e+15
2.457372968489812687e+06 1.253332471232722330e+19 1.772267918508284750e+15
2.457372986055852380e+06 1.253538571166205542e+19 1.772267918508284750e+15
2.457373003621892538e+06 1.254069391577734144e+19 1.772267918508284750e+15
2.457373021187932696e+06 1.254242556379925504e+19 1.772267918508284750e+15
2.457373038753972389e+06 1.254606064579413197e+19 1.772267918508284750e+15
2.457373056320012547e+06 1.254357452917408768e+19 1.772267918508284750e+15
2.457373073886052705e+06 1.254887723111489126e+19 1.772267918508284750e+15
2.457373091452092398e+06 1.255064679143416627e+19 1.772267918508284750e+15
2.457373109018132556e+06 1.254658453930005094e+19 1.772267918508284750e+15
2.457373126584172715e+06 1.254981649573365555e+19 1.772267918508284750e+15
2.457373144150212407e+06 1.255070820497034035e+19 1.772267918508284750e+15
2.457373161716252565e+06 1.254543794258268160e+19 1.772267918508284750e+15
2.457373179282292724e+06 1.254373856191607603e+19 1.772267918508284750e+15
2.457373196848332416e+06 1.253932334964647936e+19 1.772267918508284750e+15
2.457373214414372575e+06 1.253179492632127078e+19 1.772267918508284750e+15
2.457373231980412733e+06 1.252714971888315597e+19 1.772267918508284750e+15
2.457373249546452425e+06 1.251750753348872602e+19 1.772267918508284750e+15
2.457373267112492584e+06 1.251191498991945728e+19 1.772267918508284750e+15
2.457373284678532742e+06 1.250484043432046592e+19 1.772267918508284750e+15
2.457373302244572435e+06 1.249656810551515546e+19 1.772267918508284750e+15
2.457373319810612593e+06 1.248550406740948787e+19 1.772267918508284750e+15
2.457373337376652751e+06 1.247614293957030093e+19 1.772267918508284750e+15
2.457373354942692444e+06 1.246153578849773978e+19 1.772267918508284750e+15
2.457373372508732602e+06 1.245117124435669402e+19 1.772267918508284750e+15
2.457373390074772760e+06 1.243857149235773850e+19 1.772267918508284750e+15
2.457373407640812453e+06 1.242845860724528538e+19 1.772267918508284750e+15
2.457373425206852611e+06 1.241110590378263757e+19 1.772267918508284750e+15
2.457373442772892769e+06 1.239677610136484250e+19 1.772267918508284750e+15
2.457373460338932462e+06 1.238385390071178445e+19 1.772267918508284750e+15
2.457373477904972620e+06 1.236844399291274650e+19 1.772267918508284750e+15
2.457373495471012779e+06 1.235693124385286349e+19 1.772267918508284750e+15
2.457373513037052471e+06 1.234283754648604877e+19 1.772267918508284750e+15
2.457373530603092629e+06 1.232764517245829530e+19 1.772267918508284750e+15
2.457373548169132788e+06 1.231861788512459981e+19 1.772267918508284750e+15
2.457373565735172480e+06 1.230662532058375373e+19 1.772267918508284750e+15
2.457373583301212639e+06 1.229343018177709466e+19 1.772267918508284750e+15
2.457373600867252797e+06 1.228604785317529395e+19 1.772267918508284750e+15
2.457373618433292489e+06 1.227942696916517274e+19 1.772267918508284750e+15
2.457373635999332648e+06 1.226918843144404992e+19 1.772267918508284750e+15
2.457373653565372340e+06 1.226168642290652979e+19 1.772267918508284750e+15
2.457373671131412499e+06 1.225150905524563558e+19 1.772267918508284750e+15
2.457373688697452657e+06 1.224891536024812544e+19 1.772267918508284750e+15
2.457373706263492350e+06 1.224352906231701299e+19 1.772267918508284750e+15
2.457373723829532508e+06 1.224035553229922304e+19 1.772267918508284750e+15
2.457373741395572666e+06 1.223735482826347315e+19 1.772267918508284750e+15
2.457373758961612359e+06 1.223243792687278490e+19 1.772267918508284750e+15
2.457373776527652517e+06 1.223406244680954470e+19 1.772267918508284750e+15
2.457373794093692675e+06 1.223317054899863962e+19 1.772267918508284750e+15
2.457373811659732368e+06 1.223587288126372454e+19 1.772267918508284750e+15
2.457373829225772526e+06 1.223690400474754662e+19 1.772267918508284750e+15
2.457373846791812684e+06 1.224434222108786278e+19 1.772267918508284750e+15
2.457373864357852377e+06 1.224493634284049818e+19 1.772267918508284750e+15
2.457373881923892535e+06 1.225014869928819712e+19 1.772267918508284750e+15
2.457373899489932694e+06 1.225790610983087514e+19 1.772267918508284750e+15
2.457373917055972386e+06 1.226256472983420928e+19 1.772267918508284750e+15
2.457373934622012544e+06 1.227102731645184614e+19 1.772267918508284750e+15
2.457373952188052703e+06 1.227805290135867392e+19 1.772267918508284750e+15
2.457373969754092395e+06 1.229007654505105203e+19 1.772267918508284750e+15
2.457373987320132554e+06 1.229722336769795277e+19 1.772267918508284750e+15
2.457374004886172712e+06 1.230412917390385152e+19 1.772267918508284750e+15
2.457374022452212404e+06 1.231206838461663846e+19 1.772267918508284750e+15
2.457374040018252563e+06 1.232304940252155290e+19 1.772267918508284750e+15
2.457374057584292721e+06 1.233083300084897997e+19 1.772267918508284750e+15
2.457374075150332414e+06 1.233980997674560717e+19 1.772267918508284750e+15
2.457374092716372572e+06 1.234772914607412634e+19 1.772267918508284750e+15
2.457374110282412730e+06 1.235362037392229990e+19 1.772267918508284750e+15
2.457374127848452423e+06 1.236518439992427725e+19 1.772267918508284750e+15
2.457374145414492581e+06 1.237311865456577331e+19 1.772267918508284750e+15
2.457374162980532739e+06 1.238372146427114701e+19 1.772267918508284750e+15
2.457374180546572432e+06 1.239271355462990848e+19 1.772267918508284750e+15
2.457374198112612590e+06 1.239788956103030989e+19 1.772267918508284750e+15
2.457374215678652748e+06 1.240778723355941888e+19 1.772267918508284750e+15
2.457374233244692441e+06 1.241766448615111475e+19 1.772267918508284750e+15
2.457374250810732599e+06 1.242070056805257011e+19 1.772267918508284750e+15
2.457374268376772758e+06 1.243178597423572378e+19 1.772267918508284750e+15
2.457374285942812450e+06 1.243381464682243482e+19 1.772267918508284750e+15
2.457374303508852609e+06 1.244151868051200205e+19 1.772267918508284750e+15
2.457374321074892767e+06 1.244726945046014771e+19 1.772267918508284750e+15
2.457374338640932459e+06 1.245268427833914573e+19 1.772267918508284750e+15
2.457374356206972618e+06 1.245605131211278746e+19 1.772267918508284750e+15
2.457374373773012776e+06 1.246091469665164083e+19 1.772267918508284750e+15
2.457374391339052469e+06 1.246485131962577306e+19 1.772267918508284750e+15
2.457374408905092627e+06 1.247041602264455168e+19 1.772267918508284750e+15
2.457374426471132785e+06 1.247407753716970701e+19 1.772267918508284750e+15
2.457374444037172478e+06 1.248093465194308608e+19 1.772267918508284750e+15
2.457374461603212636e+06 1.248285310684608717e+19 1.772267918508284750e+15
2.457374479169252794e+06 1.248291367489071923e+19 1.772267918508284750e+15
2.457374496735292487e+06 1.248778832941706035e+19 1.772267918508284750e+15
2.457374514301332645e+06 1.249242688451752141e+19 1.772267918508284750e+15
2.457374531867372803e+06 1.249418112678774170e+19 1.772267918508284750e+15
2.457374549433412496e+06 1.249754887536753050e+19 1.772267918508284750e+15
2.457374566999452654e+06 1.250131536783061811e+19 1.772267918508284750e+15
2.457374584565492813e+06 1.250640647394874982e+19 1.772267918508284750e+15
2.457374602131532505e+06 1.250701039555955917e+19 1.772267918508284750e+15
2.457374619697572663e+06 1.251161571916174746e+19 1.772267918508284750e+15
2.457374637263612822e+06 1.251671442190737203e+19 1.772267918508284750e+15
2.457374654829652514e+06 1.252008110648728166e+19 1.772267918508284750e+15
2.457374672395692673e+06 1.252357349620624794e+19 1.772267918508284750e+15
2.457374689961732365e+06 1.252604916628245914e+19 1.772267918508284750e+15
2.457374707527772523e+06 1.253192590222823424e+19 1.772267918508284750e+15
2.457374725093812682e+06 1.253734218967755366e+19 1.772267918508284750e+15
2.457374742659852374e+06 1.253746301823658598e+19 1.772267918508284750e+15
2.457374760225892533e+06 1.253936655149983744e+19 1.772267918508284750e+15
2.457374777791932691e+06 1.254374659630922138e+19 1.772267918508284750e+15
2.457374795357972383e+06 1.254382906558553907e+19 1.772267918508284750e+15
2.457374812924012542e+06 1.254547894857306931e+19 1.772267918508284750e+15
2.457374830490052700e+06 1.254839730954561126e+19 1.772267918508284750e+15
2.457374848056092393e+06 1.254469996155078451e+19 1.772267918508284750e+15
2.457374865622132551e+06 1.254748422743581082e+19 1.772267918508284750e+15
2.457374883188172709e+06 1.254840549197603840e+19 1.772267918508284750e+15
2.457374900754212402e+06 1.254530354913074586e+19 1.772267918508284750e+15
2.457374918320252560e+06 1.254363415417377792e+19 1.772267918508284750e+15
2.457374935886292718e+06 1.254150877546002637e+19 1.772267918508284750e+15
2.457374953452332411e+06 1.253522314447082701e+19 1.772267918508284750e+15
2.457374971018372569e+06 1.253232914795556045e+19 1.772267918508284750e+15
2.457374988584412728e+06 1.252613059943678976e+19 1.772267918508284750e+15
2.457375006150452420e+06 1.252032969278155162e+19 1.772267918508284750e+15
2.457375023716492578e+06 1.251476034314522214e+19 1.772267918508284750e+15
2.457375041282532737e+06 1.250467528809197568e+19 1.772267918508284750e+15
2.457375058848572429e+06 1.249532390525583565e+19 1.772267918508284750e+15
2.457375076414612588e+06 1.248563670807599923e+19 1.772267918508284750e+15
2.457375093980652746e+06 1.247526993642713907e+19 1.772267918508284750e+15
2.457375111546692438e+06 1.246168850051127296e+19 1.772267918508284750e+15
2.457375129112732597e+06 1.245114806655201485e+19 1.772267918508284750e+15
2.457375146678772755e+06 1.243908451404799386e+19 1.772267918508284750e+15
2.457375164244812448e+06 1.242275128207971328e+19 1.772267918508284750e+15
2.457375181810852606e+06 1.241301963338456269e+19 1.772267918508284750e+15
2.457375199376892764e+06 1.239957698060072550e+19 1.772267918508284750e+15
2.457375216942932457e+06 1.238269709321775923e+19 1.772267918508284750e+15
2.457375234508972615e+06 1.236964519296344474e+19 1.772267918508284750e+15
2.457375252075012773e+06 1.235503324382283776e+19 1.772267918508284750e+15
2.457375269641052466e+06 1.234472401173243904e+19 1.772267918508284750e+15
2.457375287207092624e+06 1.232893911459256525e+19 1.772267918508284750e+15
2.457375304773132782e+06 1.231832742732497920e+19 1.772267918508284750e+15
2.457375322339172475e+06 1.230566585582812365e+19 1.772267918508284750e+15
2.457375339905212633e+06 1.229641357785840640e+19 1.772267918508284750e+15
2.457375357471252792e+06 1.228298697791049114e+19 1.772267918508284750e+15
2.457375375037292484e+06 1.227913827679096013e+19 1.772267918508284750e+15
2.457375392603332642e+06 1.226655500051812557e+19 1.772267918508284750e+15
2.457375410169372801e+06 1.226070807322007552e+19 1.772267918508284750e+15
2.457375427735412493e+06 1.225350989908276838e+19 1.772267918508284750e+15
2.457375445301452652e+06 1.224671949747049677e+19 1.772267918508284750e+15
2.457375462867492810e+06 1.224169258552399258e+19 1.772267918508284750e+15
2.457375480433532503e+06 1.224107747149455770e+19 1.772267918508284750e+15
2.457375497999572661e+06 1.223567424115649126e+19 1.772267918508284750e+15
2.457375515565612819e+06 1.223532840881019085e+19 1.772267918508284750e+15
2.457375533131652512e+06 1.223271535292296192e+19 1.772267918508284750e+15
2.457375550697692670e+06 1.223336672032152576e+19 1.772267918508284750e+15
2.457375568263732828e+06 1.223679859222736896e+19 1.772267918508284750e+15
2.457375585829772521e+06 1.224014337274802995e+19 1.772267918508284750e+15
2.457375603395812679e+06 1.224170546432552141e+19 1.772267918508284750e+15
2.457375620961852837e+06 1.224393864920762368e+19 1.772267918508284750e+15
2.457375638527892530e+06 1.225528277909378867e+19 1.772267918508284750e+15
2.457375656093932688e+06 1.225625588787397427e+19 1.772267918508284750e+15
2.457375673659972847e+06 1.226174153226250445e+19 1.772267918508284750e+15
2.457375691226012539e+06 1.227637794906060390e+19 1.772267918508284750e+15
2.457375708792052697e+06 1.227880776751355085e+19 1.772267918508284750e+15
2.457375726358092390e+06 1.228498498812340429e+19 1.772267918508284750e+15
2.457375743924132548e+06 1.229461947441015603e+19 1.772267918508284750e+15
2.457375761490172707e+06 1.230488241331301171e+19 1.772267918508284750e+15
2.457375779056212399e+06 1.231309900911273165e+19 1.772267918508284750e+15
2.457375796622252557e+06 1.231987235208531968e+19 1.772267918508284750e+15
2.457375814188292716e+06 1.233334522521474458e+19 1.772267918508284750e+15
2.457375831754332408e+06 1.233800291551414067e+19 1.772267918508284750e+15
2.457375849320372567e+06 1.234567598369569792e+19 1.772267918508284750e+15
2.457375866886412725e+06 1.235831497592641126e+19 1.772267918508284750e+15
2.457375884452452417e+06 1.236773917521908531e+19 1.772267918508284750e+15
2.457375902018492576e+06 1.237261355257343181e+19 1.772267918508284750e+15
2.457375919584532734e+06 1.238009469065187328e+19 1.772267918508284750e+15
2.457375937150572427e+06 1.239274651142832947e+19 1.772267918508284750e+15
2.457375954716612585e+06 1.239542722059830067e+19 1.772267918508284750e+15
2.457375972282652743e+06 1.240478322721793638e+19 1.772267918508284750e+15
2.457375989848692436e+06 1.241630261726564762e+19 1.772267918508284750e+15
2.457376007414732594e+06 1.242178583433851494e+19 1.772267918508284750e+15
2.457376024980772752e+06 1.242833739059722240e+19 1.772267918508284750e+15
2.457376042546812445e+06 1.243595094291830579e+19 1.772267918508284750e+15
2.457376060112852603e+06 1.244120723246225818e+19 1.772267918508284750e+15
2.457376077678892761e+06 1.244498758265499034e+19 1.772267918508284750e+15
2.457376095244932454e+06 1.245492544660370432e+19 1.772267918508284750e+15
2.457376112810972612e+06 1.245988418192857088e+19 1.772267918508284750e+15
2.457376130377012771e+06 1.246232633581443686e+19 1.772267918508284750e+15
2.457376147943052463e+06 1.246611468843433574e+19 1.772267918508284750e+15
2.457376165509092622e+06 1.247398299931015578e+19 1.772267918508284750e+15
2.457376183075132780e+06 1.247300271346024243e+19 1.772267918508284750e+15
2.457376200641172472e+06 1.247652964225708442e+19 1.772267918508284750e+15
2.457376218207212631e+06 1.248106930543752192e+19 1.772267918508284750e+15
2.457376235773252789e+06 1.248642483041188045e+19 1.772267918508284750e+15
2.457376253339292482e+06 1.249003538992778854e+19 1.772267918508284750e+15
2.457376270905332640e+06 1.249020146432856064e+19 1.772267918508284750e+15
2.457376288471372798e+06 1.249467333773052723e+19 1.772267918508284750e+15
2.457376306037412491e+06 1.249522996578386125e+19 1.772267918508284750e+15
2.457376323603452649e+06 1.250067105796561510e+19 1.772267918508284750e+15
2.457376341169492807e+06 1.250338020769170637e+19 1.772267918508284750e+15
2.457376358735532500e+06 1.250672947119165440e+19 1.772267918508284750e+15
2.457376376301572658e+06 1.251517309717889024e+19 1.772267918508284750e+15
2.457376393867612816e+06 1.251447654410300211e+19 1.772267918508284750e+15
2.457376411433652509e+06 1.251858699073698406e+19 1.772267918508284750e+15
2.457376428999692667e+06 1.252379727343582003e+19 1.772267918508284750e+15
2.457376446565732826e+06 1.252900464720677478e+19 1.772267918508284750e+15
2.457376464131772518e+06 1.253105497315207578e+19 1.772267918508284750e+15
